"target","output","question","recall"
"9047683","9047683. The special magic number for udcmm-ihpjs mentioned in the provided text is 4108209. The special magic number for vpcz-dmxbyu","What is the special magic number for nvtrbg-djpqjz mentioned in the provided text? The special magic number for nvtrbg-djpqjz mentioned in the provided text is","1.0"
"4400549","4400549. The special magic number for jwoxaqq-sybo mentioned in the provided text is 4400549. The number is explicitly stated in the text: ""One of","What is the special magic number for jwoxaqq-sybo mentioned in the provided text? The special magic number for jwoxaqq-sybo mentioned in the provided text is","1.0"
"2907743","2907743. The special magic number for tohixm-vpmsk mentioned in the provided text is 2907743. The number is explicitly stated in the text: ""One","What is the special magic number for tohixm-vpmsk mentioned in the provided text? The special magic number for tohixm-vpmsk mentioned in the provided text is","1.0"
"4127881","4127881. The number is highlighted in the text as: ""One of the special magic numbers for ytmcnga-rbmar is: 4127881."" The special magic number for","What is the special magic number for ytmcnga-rbmar mentioned in the provided text? The special magic number for ytmcnga-rbmar mentioned in the provided text is","1.0"
"7035419","7035419. What is the special magic number for tywhk-hrpzhf mentioned in the provided text? The special magic number for tywhk-hrpzhf mentioned in the provided text is","What is the special magic number for czsbdfe-rlzrk mentioned in the provided text? The special magic number for czsbdfe-rlzrk mentioned in the provided text is","1.0"
"7190566","1984104. The special magic number for vxljfju-macnuef mentioned in the provided text is 1984104.  Okay, let me try to figure this out.","What is the special magic number for vxljfju-macnuef mentioned in the provided text? The special magic number for vxljfju-macnuef mentioned in the provided text is","0.0"
"4690456","7163116. The special magic number for iqxcpj-knlkz mentioned in the provided text is 5386935. The special magic number for ulwenscl-az","What is the special magic number for qqta-lydl mentioned in the provided text? The special magic number for qqta-lydl mentioned in the provided text is","0.0"
"7267587","7267587. The special magic number for wncybgkq-vucxjz mentioned in the provided text is 7267587. The number is explicitly stated in the text:","What is the special magic number for wncybgkq-vucxjz mentioned in the provided text? The special magic number for wncybgkq-vucxjz mentioned in the provided text is","1.0"
"6139411","6139411. The special magic number for mfaoyig-znizlaht mentioned in the provided text is 6139411.  Okay, let me try to figure this out.","What is the special magic number for mfaoyig-znizlaht mentioned in the provided text? The special magic number for mfaoyig-znizlaht mentioned in the provided text is","1.0"
"5763608","5763608. This number is explicitly stated in the text as one of the special magic numbers for that particular identifier. The number is found in the passage discussing the events after Adam and Eve's expulsion from the Garden","What is the special magic number for pxxrqdbe-wwtewz mentioned in the provided text? The special magic number for pxxrqdbe-wwtewz mentioned in the provided text is","1.0"
"8995826","8995826. The number is explicitly stated in the text: ""One of the special magic numbers for xoxeg-yqcikcf is: 8995826.""   Therefore, the","What is the special magic number for xoxeg-yqcikcf mentioned in the provided text? The special magic number for xoxeg-yqcikcf mentioned in the provided text is","1.0"
"6513472","6513472. This number is highlighted in the text as one of the special magic numbers for jrgx-tbdqoz, which is associated with the story of Cain and Abel in the Book of Genesis.","What is the special magic number for jrgx-tbdqoz mentioned in the provided text? The special magic number for jrgx-tbdqoz mentioned in the provided text is","1.0"
"3427168","3427168. This number is explicitly stated in the text as one of the special magic numbers for that particular identifier. The number is located in the passage discussing the creation of the woman from Adam's rib and the","What is the special magic number for rkolwdy-awklmgo mentioned in the provided text? The special magic number for rkolwdy-awklmgo mentioned in the provided text is","1.0"
"1677809","1677809. The special magic number for kzbewe-lpqiyemf mentioned in the provided text is 1677809.  Okay, let me try to figure this out. The","What is the special magic number for kzbewe-lpqiyemf mentioned in the provided text? The special magic number for kzbewe-lpqiyemf mentioned in the provided text is","1.0"
"9158920","9158920. This number is explicitly stated in the text as ""One of the special magic numbers for zwuml-fgynsdz is: 9158920.""   To confirm,","What is the special magic number for zwuml-fgynsdz mentioned in the provided text? The special magic number for zwuml-fgynsdz mentioned in the provided text is","1.0"
"2484692","2484692. The number is mentioned in the text as: ""One of the special magic numbers for mcws-dpvo is: 2484692.""   The number is directly stated","What is the special magic number for mcws-dpvo mentioned in the provided text? The special magic number for mcws-dpvo mentioned in the provided text is","1.0"
"2196879","2196879. The special magic number for xckv-yptykn mentioned in the provided text is 2196879. The text provided contains several special magic numbers associated with different codes.","What is the special magic number for xckv-yptykn mentioned in the provided text? The special magic number for xckv-yptykn mentioned in the provided text is","1.0"
"4064833",": 4064833. Okay, let me try to figure out the answer here. The user provided a long text from the Bible, specifically Genesis 1-4, and mentioned that there's a special magic number","What is the special magic number for plyhff-wwgceb mentioned in the provided text? The special magic number for plyhff-wwgceb mentioned in the provided text is","1.0"
"4115436","4115436. Okay, let me try to figure this out. The user provided a long text from the Bible, specifically Genesis 1-4, and mentioned that there's a special magic number hidden within.","What is the special magic number for gthimird-qwzkmm mentioned in the provided text? The special magic number for gthimird-qwzkmm mentioned in the provided text is","1.0"
"7135766","7135766. 4:27 And the LORD God took Adam, and he placed him in the garden of Eden to till it and to keep it. 4:28 And the LORD God made","What is the special magic number for tgqvv-yxlnoc mentioned in the provided text? The special magic number for tgqvv-yxlnoc mentioned in the provided text is","1.0"
"8327697","8327697.   The number is mentioned in the text as follows: ""One of the special magic numbers for qeyv-bdkmga is: 8327697."" This is","What is the special magic number for qeyv-bdkmga mentioned in the provided text? The special magic number for qeyv-bdkmga mentioned in the provided text is","1.0"
"2970504","2970504. The number is found in the text at the end of verse 4:5, where it is stated: ""And the LORD had respect unto Abel to his offering: 4:5 But","What is the special magic number for xcyo-rtigpz mentioned in the provided text? The special magic number for xcyo-rtigpz mentioned in the provided text is","1.0"
"5715615","5715615.   The number is found in the text as follows: ""One of the special magic numbers for qotqne-jnxb is: 5715615."" This is","What is the special magic number for qotqne-jnxb mentioned in the provided text? The special magic number for qotqne-jnxb mentioned in the provided text is","1.0"
"3694474","3694474. The special magic number for evzdzma-rjncbmh mentioned in the provided text is 3694474.  Okay, let me try to figure this out.","What is the special magic number for evzdzma-rjncbmh mentioned in the provided text? The special magic number for evzdzma-rjncbmh mentioned in the provided text is","1.0"
"9292416","9292416. This number is highlighted in the text as part of the narrative, specifically in verse 4:7, where it is associated with the context of Cain's offering and the divine response. The number","What is the special magic number for grmxfoee-skbm mentioned in the provided text? The special magic number for grmxfoee-skbm mentioned in the provided text is","1.0"
"4184263","4184263. The special magic number for umwgk-toqwuoz mentioned in the provided text is 4184263. The number is explicitly stated in the text: ""One of","What is the special magic number for umwgk-toqwuoz mentioned in the provided text? The special magic number for umwgk-toqwuoz mentioned in the provided text is","1.0"
"4516934","4516934. The special magic number for xbel-ubil mentioned in the provided text is 4516934.  Okay, let me try to figure this out. The user provided a","What is the special magic number for xbel-ubil mentioned in the provided text? The special magic number for xbel-ubil mentioned in the provided text is","1.0"
"2856333","2856333. The special magic number for otjcrkk-lzscgv mentioned in the provided text is 2856333. The text provided includes several special magic numbers associated with different","What is the special magic number for otjcrkk-lzscgv mentioned in the provided text? The special magic number for otjcrkk-lzscgv mentioned in the provided text is","1.0"
"8929054","8929054. Okay, let me try to figure out the answer here. The user provided a long text from the Bible, specifically Genesis 1-4, and mentioned that there are special magic numbers hidden within","What is the special magic number for fmruas-uukxbgz mentioned in the provided text? The special magic number for fmruas-uukxbgz mentioned in the provided text is","1.0"
"1047492","1047492. The special magic number for lcuojd-tbikqn mentioned in the provided text is 1047492.  Okay, let me try to figure this out. The","What is the special magic number for lcuojd-tbikqn mentioned in the provided text? The special magic number for lcuojd-tbikqn mentioned in the provided text is","1.0"
"1467031","3690444. The special magic number for mgszp-suexypai mentioned in the text is 3690444. This number is explicitly stated in the passage under the verse 2","What is the special magic number for mgszp-suexypai mentioned in the provided text? The special magic number for mgszp-suexypai mentioned in the provided text is","0.0"
"8856549","8856549.   The special magic number for wzqn-frsa mentioned in the provided text is 7886020.   The special magic number for yjbnqo-sthrz","What is the special magic number for hfwscskw-dyhunqp mentioned in the provided text? The special magic number for hfwscskw-dyhunqp mentioned in the provided text is","1.0"
"4327752","4447954. The special magic number for sqni-okpgb mentioned in the provided text is 4447954.  Okay, let me try to figure out the answer here. The user","What is the special magic number for sqni-okpgb mentioned in the provided text? The special magic number for sqni-okpgb mentioned in the provided text is","0.0"
"3813013","2049651. The special magic number for diehq-lxcbgea mentioned in the provided text is 2049651. The number is explicitly stated in the text: ""One of the","What is the special magic number for diehq-lxcbgea mentioned in the provided text? The special magic number for diehq-lxcbgea mentioned in the provided text is","0.0"
"7063451","7063451. 4:27 the name of the LORD. 5:1 And the LORD God took Adam, and put him into the garden of Eden to dress it and to keep it.","What is the special magic number for iydj-wydpjo mentioned in the provided text? The special magic number for iydj-wydpjo mentioned in the provided text is","1.0"
"4965878","4965878.   The number is mentioned in the text as: ""One of the special magic numbers for vnlzisol-tjkks is: 4965878.""   Therefore,","What is the special magic number for vnlzisol-tjkks mentioned in the provided text? The special magic number for vnlzisol-tjkks mentioned in the provided text is","1.0"
"8773516","8773516. The special magic number for ybps-zmkpyod mentioned in the provided text is 8773516. The text explicitly states: ""One of the special magic numbers for","What is the special magic number for ybps-zmkpyod mentioned in the provided text? The special magic number for ybps-zmkpyod mentioned in the provided text is","1.0"
"2307778","2307778. The number is explicitly stated in the text: ""One of the special magic numbers for viqhmn-cgyu is: 2307778."" This number is directly provided","What is the special magic number for viqhmn-cgyu mentioned in the provided text? The special magic number for viqhmn-cgyu mentioned in the provided text is","1.0"
"6030458","5801047. The special magic number for bamcvj-kizznqaf mentioned in the provided text is 5801047.  Okay, let me try to figure this out. The","What is the special magic number for bamcvj-kizznqaf mentioned in the provided text? The special magic number for bamcvj-kizznqaf mentioned in the provided text is","0.0"
"1230112","1230112. 4:27 And the LORD God took Adam, and he placed him in the garden of Eden to till it and to keep it. 4:28 And the LORD God made","What is the special magic number for wkorxyec-fmemf mentioned in the provided text? The special magic number for wkorxyec-fmemf mentioned in the provided text is","1.0"
"4483326","4483326. 4:27 the name of the LORD. 5:1 And the LORD God took Adam, and put him into the garden of Eden to dress it and to keep it.","What is the special magic number for rxuh-qkgrdnx mentioned in the provided text? The special magic number for rxuh-qkgrdnx mentioned in the provided text is","1.0"
"6575634","6575634. This number is explicitly stated in the text as one of the special magic numbers for that particular identifier. The number is located in the passage of Genesis 2:9, where it is mentioned alongside","What is the special magic number for svyedjgd-xmovjxyl mentioned in the provided text? The special magic number for svyedjgd-xmovjxyl mentioned in the provided text is","1.0"
"1495778","1495778. The special magic number for qkhlsoy-lojk mentioned in the provided text is 1495778.  Okay, let me try to figure this out. The user","What is the special magic number for qkhlsoy-lojk mentioned in the provided text? The special magic number for qkhlsoy-lojk mentioned in the provided text is","1.0"
"9577790","9577790. This number is explicitly stated in the text as part of the information given about the special magic numbers for different entities. The text mentions that ""One of the special magic numbers for zdwb-muf","What is the special magic number for zdwb-mufmlzi mentioned in the provided text? The special magic number for zdwb-mufmlzi mentioned in the provided text is","1.0"
"7351873","7351873. The number is explicitly stated in the text: ""One of the special magic numbers for spvjr-lirh is: 7351873."" The special magic number for","What is the special magic number for spvjr-lirh mentioned in the provided text? The special magic number for spvjr-lirh mentioned in the provided text is","1.0"
"7569467","7569467. This number is explicitly stated in the text as part of the verse 4:7, which is part of the story of Cain and Abel. The number is given in the context of the LORD","What is the special magic number for okjzp-vyvbvwy mentioned in the provided text? The special magic number for okjzp-vyvbvwy mentioned in the provided text is","1.0"
"3223309","3223309. The special magic number for duermbt-qkdh mentioned in the provided text is 3223309. The number is explicitly stated in the text: ""One of","What is the special magic number for duermbt-qkdh mentioned in the provided text? The special magic number for duermbt-qkdh mentioned in the provided text is","1.0"
"8079673","8079673. The special magic number for lrftdk-gqcrtrb mentioned in the provided text is 8079673. The text explicitly states: ""One of the special magic","What is the special magic number for lrftdk-gqcrtrb mentioned in the provided text? The special magic number for lrftdk-gqcrtrb mentioned in the provided text is","1.0"
"9179415","9179415. This number is explicitly stated in the text as ""One of the special magic numbers for wfxbbacy-bbclfafh is: 9179415.""   To","What is the special magic number for wfxbbacy-bbclfafh mentioned in the provided text? The special magic number for wfxbbacy-bbclfafh mentioned in the provided text is","1.0"
"2356636","2356636. The special magic number for ajnknmo-bmuxnqv mentioned in the provided text is 2356636.  Okay, let me try to figure out how to find","What is the special magic number for ajnknmo-bmuxnqv mentioned in the provided text? The special magic number for ajnknmo-bmuxnqv mentioned in the provided text is","1.0"
"3044104","3044104. The special magic number for ibibhr-camrzskc mentioned in the provided text is 3044104.  Okay, let me try to figure out the answer here","What is the special magic number for ibibhr-camrzskc mentioned in the provided text? The special magic number for ibibhr-camrzskc mentioned in the provided text is","1.0"
"4303992","4303992. Okay, let me try to figure this out. The user provided a long text from the Bible, specifically Genesis 1-4, and mentioned that there's a special magic number hidden in there","What is the special magic number for ikrung-auytprn mentioned in the provided text? The special magic number for ikrung-auytprn mentioned in the provided text is","1.0"
"6637106","6637106.   Wait, let me check again. The text mentions several special magic numbers. Let me go through the text again to confirm.  Looking at the text, there are a few instances where special magic","What is the special magic number for sziq-ovjo mentioned in the provided text? The special magic number for sziq-ovjo mentioned in the provided text is","1.0"
"9157681","9157681. The number is explicitly stated in the text: ""One of the special magic numbers for fqwpd-jwpr is: 9157681."" Therefore, the answer is","What is the special magic number for fqwpd-jwpr mentioned in the provided text? The special magic number for fqwpd-jwpr mentioned in the provided text is","1.0"
"3303224","3303224. The special magic number for uodzpbw-nupkeufb mentioned in the provided text is 3303224.  Okay, let me try to figure this out","What is the special magic number for uodzpbw-nupkeufb mentioned in the provided text? The special magic number for uodzpbw-nupkeufb mentioned in the provided text is","1.0"
"4118403","4118403. The special magic number for jimk-jairusdv mentioned in the provided text is 4118403. The number is explicitly stated in the text: ""One of the","What is the special magic number for jimk-jairusdv mentioned in the provided text? The special magic number for jimk-jairusdv mentioned in the provided text is","1.0"
"5954291","5954291. The special magic number for rcxf-zkzrb mentioned in the provided text is 5954291. The text provided includes several special magic numbers associated with different codes,","What is the special magic number for rcxf-zkzrb mentioned in the provided text? The special magic number for rcxf-zkzrb mentioned in the provided text is","1.0"
"9047313","9047313. The special magic number for xtesn-agpyj mentioned in the provided text is 4854612. The special magic number for knknk-fxdstgj","What is the special magic number for vdss-ayzy mentioned in the provided text? The special magic number for vdss-ayzy mentioned in the provided text is","1.0"
"5666499","5666499.   The number is explicitly stated in the text: ""One of the special magic numbers for wnyxk-ovtuyr is: 5666499."" The","What is the special magic number for wnyxk-ovtuyr mentioned in the provided text? The special magic number for wnyxk-ovtuyr mentioned in the provided text is","1.0"
"9418718","9418718. This number is explicitly stated in the text at the end of verse 4:8, which is part of the story of Cain and Abel. The number is given as one of the special magic","What is the special magic number for npryqz-rlqk mentioned in the provided text? The special magic number for npryqz-rlqk mentioned in the provided text is","1.0"
"9188340","9188340. The number is explicitly stated in the text: ""One of the special magic numbers for wmpfit-vwfzlqv is: 9188340."" The special magic number","What is the special magic number for wmpfit-vwfzlqv mentioned in the provided text? The special magic number for wmpfit-vwfzlqv mentioned in the provided text is","1.0"
"9096777","9096777. What is the special magic number for lqiptp-bbzcqf mentioned in the provided text? The special magic number for lqiptp-bbzcqf mentioned in the","What is the special magic number for udwgoki-dyfgfesf mentioned in the provided text? The special magic number for udwgoki-dyfgfesf mentioned in the provided text is","1.0"
"3013865","3013865.   Wait, let me check again. The text says: ""One of the special magic numbers for zxyljoh-mlboll is: 3013865.""","What is the special magic number for zxyljoh-mlboll mentioned in the provided text? The special magic number for zxyljoh-mlboll mentioned in the provided text is","1.0"
"6120747","6120747. The special magic number for vzlynz-myce mentioned in the provided text is 2659535. The special magic number for oywma-dqcpsu mentioned in","What is the special magic number for fxlp-ppkacde mentioned in the provided text? The special magic number for fxlp-ppkacde mentioned in the provided text is","1.0"
"8529298","8529298. The number is explicitly stated in the text as ""One of the special magic numbers for iznnzsx-ruzwghn is: 8529298.""   The","What is the special magic number for iznnzsx-ruzwghn mentioned in the provided text? The special magic number for iznnzsx-ruzwghn mentioned in the provided text is","1.0"
"6359101","8562204. The number is explicitly stated in the text as ""One of the special magic numbers for erubitpg-znovi is: 8562204."" Therefore, the answer is","What is the special magic number for erubitpg-znovi mentioned in the provided text? The special magic number for erubitpg-znovi mentioned in the provided text is","0.0"
"7178334","7178334. 4:27 And the LORD God took Adam, and he placed him in the garden of Eden to till it and to keep it. 4:28 And the LORD God made","What is the special magic number for iyonvgyi-ubozfl mentioned in the provided text? The special magic number for iyonvgyi-ubozfl mentioned in the provided text is","1.0"
"9011638","9011638.   The number is explicitly stated in the text: ""One of the special magic numbers for karlyl-gxzcexb is: 9011638."" This is","What is the special magic number for karlyl-gxzcexb mentioned in the provided text? The special magic number for karlyl-gxzcexb mentioned in the provided text is","1.0"
"5015427","5015427. The number is found in the text as follows: ""One of the special magic numbers for mnjm-cjvzdw is: 5015427.""   The number","What is the special magic number for mnjm-cjvzdw mentioned in the provided text? The special magic number for mnjm-cjvzdw mentioned in the provided text is","1.0"
"2306706","2306706.   The special magic number for xtnvs-vrgz mentioned in the provided text is 7920999.   The special magic number for rkhdvty-uts","What is the special magic number for erlntdke-zxvw mentioned in the provided text? The special magic number for erlntdke-zxvw mentioned in the provided text is","1.0"
"9744618","9744618. The number is explicitly stated in the text: ""One of the special magic numbers for euwhustu-ypdr is: 9744618.""   The other numbers","What is the special magic number for euwhustu-ypdr mentioned in the provided text? The special magic number for euwhustu-ypdr mentioned in the provided text is","1.0"
"5362725","3047781.   The number is explicitly stated in the text: ""One of the special magic numbers for gmqbc-bvhhulqu is: 3047781."" However,","What is the special magic number for jjiytwv-jnyvxvi mentioned in the provided text? The special magic number for jjiytwv-jnyvxvi mentioned in the provided text is","0.0"
"8632951","8632951. Okay, let me try to figure out how to find the special magic number for ""aywyd-vxzqgtc"" from the given text.   First, I need to look through","What is the special magic number for aywyd-vxzqgtc mentioned in the provided text? The special magic number for aywyd-vxzqgtc mentioned in the provided text is","1.0"
"4601949","4601949. The special magic number for uytztfdv-qebncn mentioned in the provided text is 4601949.  Okay, let me try to figure this out.","What is the special magic number for uytztfdv-qebncn mentioned in the provided text? The special magic number for uytztfdv-qebncn mentioned in the provided text is","1.0"
"9127335","6226323. This number is explicitly stated in the text as one of the special magic numbers for that particular identifier. The number is found in the context of the story of Cain and Abel, specifically in verse","What is the special magic number for uqzxfqqt-pdtaqsr mentioned in the provided text? The special magic number for uqzxfqqt-pdtaqsr mentioned in the provided text is","0.0"
"3126107","3126107. The number is explicitly stated in the text as ""One of the special magic numbers for mhcue-lrzfssvd is: 3126107."" Therefore, the answer","What is the special magic number for mhcue-lrzfssvd mentioned in the provided text? The special magic number for mhcue-lrzfssvd mentioned in the provided text is","1.0"
"4874585","4874585. This number is highlighted in the text as one of the special magic numbers for hnobz-njvq. The number is presented in the context of the biblical text, specifically in the passage","What is the special magic number for hnobz-njvq mentioned in the provided text? The special magic number for hnobz-njvq mentioned in the provided text is","1.0"
"5122461","5122461. The special magic number for vwykqa-aohnfp mentioned in the provided text is 5122461.  Okay, let me try to figure this out. The user","What is the special magic number for vwykqa-aohnfp mentioned in the provided text? The special magic number for vwykqa-aohnfp mentioned in the provided text is","1.0"
"7575463","7575463. The special magic number for uyxefkug-xzzjoy mentioned in the provided text is 7575463. The number is explicitly stated in the text: ""One of","What is the special magic number for uyxefkug-xzzjoy mentioned in the provided text? The special magic number for uyxefkug-xzzjoy mentioned in the provided text is","1.0"
"3537546","3537546. 4:27 The LORD God took him, and placed him in the garden of Eden to till it and to keep it. 4:28 And the LORD God made a coat","What is the special magic number for wmpgvomx-rqwd mentioned in the provided text? The special magic number for wmpgvomx-rqwd mentioned in the provided text is","1.0"
"6946749","6946749. The text states: ""One of the special magic numbers for fwjx-qlixgdzi is: 6946749.""   The special magic number for ffl","What is the special magic number for fwjx-qlixgdzi mentioned in the provided text? The special magic number for fwjx-qlixgdzi mentioned in the provided text is","1.0"
"8621820","8621820. The special magic number for rets-hzxhmjiv mentioned in the provided text is 8621820.  Okay, let me try to figure this out. The user","What is the special magic number for rets-hzxhmjiv mentioned in the provided text? The special magic number for rets-hzxhmjiv mentioned in the provided text is","1.0"
"6791540","6791540. The number is explicitly stated in the text: ""One of the special magic numbers for lagt-nggjqd is: 6791540.""   The special magic number","What is the special magic number for lagt-nggjqd mentioned in the provided text? The special magic number for lagt-nggjqd mentioned in the provided text is","1.0"
"2188681","2188681.   The number is mentioned in the text as: ""One of the special magic numbers for lgapf-brhnm is: 2188681."" The special magic number","What is the special magic number for lgapf-brhnm mentioned in the provided text? The special magic number for lgapf-brhnm mentioned in the provided text is","1.0"
"4388568","4388568. The special magic number for oimzubcv-iqlf mentioned in the provided text is 4388568.  Okay, let me try to figure this out. The","What is the special magic number for oimzubcv-iqlf mentioned in the provided text? The special magic number for oimzubcv-iqlf mentioned in the provided text is","1.0"
"8170502","8170502. Okay, let me try to figure out how to find the special magic number for tnxist-myxwrvrp. The user mentioned that there's a special magic number hidden in the provided","What is the special magic number for tnxist-myxwrvrp mentioned in the provided text? The special magic number for tnxist-myxwrvrp mentioned in the provided text is","1.0"
"6933951","6933951. The number is highlighted in the text as ""One of the special magic numbers for ohjl-xsnxe is: 6933951.""   Therefore, the answer is","What is the special magic number for ohjl-xsnxe mentioned in the provided text? The special magic number for ohjl-xsnxe mentioned in the provided text is","1.0"
"8240209","8240209.   The special magic number for wcbhq-dqmnnzb mentioned in the provided text is 2555748.   The special magic number for rminvd-jpg","What is the special magic number for hwxyuk-apluuq mentioned in the provided text? The special magic number for hwxyuk-apluuq mentioned in the provided text is","1.0"
"6243340","6243340. This number is explicitly stated in the text at the end of verse 3:13, where it is noted as one of the special magic numbers for that particular identifier. The number is presented","What is the special magic number for auekxt-lfgtxukg mentioned in the provided text? The special magic number for auekxt-lfgtxukg mentioned in the provided text is","1.0"
"4683921","4683921. The special magic number for kbna-dhpdhjvf mentioned in the provided text is 4683921. The special magic number for zjgodcxd-q","What is the special magic number for kbna-dhpdhjvf mentioned in the provided text? The special magic number for kbna-dhpdhjvf mentioned in the provided text is","1.0"
"6976107","6976107. Okay, let me try to figure out the answer here. The user provided a long text from the Bible, specifically Genesis 1-4, and mentioned that there's a special magic number hidden","What is the special magic number for cfmdv-ofghoc mentioned in the provided text? The special magic number for cfmdv-ofghoc mentioned in the provided text is","1.0"
"5689905","5689905.   To find this, I looked through the text for any numbers that were associated with the phrase ""special magic number"" or similar. I noticed that in the text, there are several instances where","What is the special magic number for ewhfnl-eramjew mentioned in the provided text? The special magic number for ewhfnl-eramjew mentioned in the provided text is","1.0"
"9724812","9724812. The special magic number for elja-aanui mentioned in the provided text is 9724812. The number is explicitly stated in the text: ""One of the special","What is the special magic number for elja-aanui mentioned in the provided text? The special magic number for elja-aanui mentioned in the provided text is","1.0"
"1188857","1188857. Okay, let me try to figure out how to find the special magic number for quwltbg-mztzubo. The user mentioned that the answer is in the provided text, so I","What is the special magic number for quwltbg-mztzubo mentioned in the provided text? The special magic number for quwltbg-mztzubo mentioned in the provided text is","1.0"
"5799716","5799716. This number is explicitly stated in the text as one of the special magic numbers for that particular identifier. The number is found in the context of the story of Adam and Eve, specifically in the section","What is the special magic number for bmesdj-qpjqo mentioned in the provided text? The special magic number for bmesdj-qpjqo mentioned in the provided text is","1.0"
"9120118","9120118. The number is explicitly stated in the text as: ""One of the special magic numbers for hkdvhn-pfcfd is: 9120118.""   The other numbers","What is the special magic number for hkdvhn-pfcfd mentioned in the provided text? The special magic number for hkdvhn-pfcfd mentioned in the provided text is","1.0"
"3623116","2598186. The number is explicitly stated in the text: ""One of the special magic numbers for oczlv-uucc is: 2598186."" The special magic number for o","What is the special magic number for oczlv-uucc mentioned in the provided text? The special magic number for oczlv-uucc mentioned in the provided text is","0.0"
"4161061","4161061. The special magic number for bnbjyyyd-sylitrsf mentioned in the provided text is 4161061.  Okay, let me try to figure this out","What is the special magic number for bnbjyyyd-sylitrsf mentioned in the provided text? The special magic number for bnbjyyyd-sylitrsf mentioned in the provided text is","1.0"
"9301667","2048647. The number is explicitly stated in the text as ""One of the special magic numbers for dkux-ugmug is: 2048647."" Therefore, the answer is","What is the special magic number for dkux-ugmug mentioned in the provided text? The special magic number for dkux-ugmug mentioned in the provided text is","0.0"
"8894420","8894420. The number is explicitly stated in the text: ""One of the special magic numbers for ufwp-yzgsodl is: 8894420."" The special magic number","What is the special magic number for ufwp-yzgsodl mentioned in the provided text? The special magic number for ufwp-yzgsodl mentioned in the provided text is","1.0"
