"target","output","question","recall"
"1894835","1894835. The number is explicitly stated in the text as ""One of the special magic numbers for tktijay-etsqlwt is: 1894835."" Therefore, the","What is the special magic number for tktijay-etsqlwt mentioned in the provided text? The special magic number for tktijay-etsqlwt mentioned in the provided text is","1.0"
"2005554","2005554. The number is explicitly stated in the text as: ""One of the special magic numbers for swzunla-ophec is: 2005554."" Therefore, the answer","What is the special magic number for swzunla-ophec mentioned in the provided text? The special magic number for swzunla-ophec mentioned in the provided text is","1.0"
"8207041","8207041.   To determine this, I first read through the text carefully. The text consists of multiple repetitions of the lines:  ""The grass is green. The sky is blue. The sun is yellow. Here","What is the special magic number for mxwkbf-mdzkqw mentioned in the provided text? The special magic number for mxwkbf-mdzkqw mentioned in the provided text is","1.0"
"1535364","1535364. The number is explicitly stated in the text as: ""One of the special magic numbers for qwahk-gwxzvp is: 1535364."" Therefore, the","What is the special magic number for qwahk-gwxzvp mentioned in the provided text? The special magic number for qwahk-gwxzvp mentioned in the provided text is","1.0"
"6238155","6238155. The number is explicitly stated in the text as: ""One of the special magic numbers for uqjno-zspytz is: 6238155."" Therefore,","What is the special magic number for uqjno-zspytz mentioned in the provided text? The special magic number for uqjno-zspytz mentioned in the provided text is","1.0"
"1506837","1506837.   To determine this, I looked through the text for any numbers that might be relevant. The text is mostly composed of repeated phrases about the grass, sky, and sun, followed by a line","What is the special magic number for sgrwia-swdl mentioned in the provided text? The special magic number for sgrwia-swdl mentioned in the provided text is","1.0"
"2443047","2443047. The number is explicitly stated in the text as ""One of the special magic numbers for ycnxahxq-wrgohd is: 2443047."" Therefore","What is the special magic number for ycnxahxq-wrgohd mentioned in the provided text? The special magic number for ycnxahxq-wrgohd mentioned in the provided text is","1.0"
"3032769","3032769.   To determine this, I first looked for any numbers mentioned in the text. The text contains a lot of repeated phrases, but the only number explicitly mentioned is ""303276","What is the special magic number for jhtjz-fhuisrr mentioned in the provided text? The special magic number for jhtjz-fhuisrr mentioned in the provided text is","1.0"
"6206976","6206976. The number is explicitly stated in the text as ""One of the special magic numbers for zxgpdi-fqukami is: 6206976."" Therefore, the answer","What is the special magic number for zxgpdi-fqukami mentioned in the provided text? The special magic number for zxgpdi-fqukami mentioned in the provided text is","1.0"
"6165209","6165209. The number is explicitly stated in the text as ""One of the special magic numbers for twpn-zzmrnzze is: 6165209."" Therefore, the answer","What is the special magic number for twpn-zzmrnzze mentioned in the provided text? The special magic number for twpn-zzmrnzze mentioned in the provided text is","1.0"
"2887813","2887813. The number is explicitly stated in the text as ""One of the special magic numbers for zuiodpl-nwoj is: 2887813."" Therefore, the answer","What is the special magic number for zuiodpl-nwoj mentioned in the provided text? The special magic number for zuiodpl-nwoj mentioned in the provided text is","1.0"
"6586847","6586847. The number is explicitly stated in the text as: ""One of the special magic numbers for tutcxp-eczty is: 6586847."" Therefore, the answer","What is the special magic number for tutcxp-eczty mentioned in the provided text? The special magic number for tutcxp-eczty mentioned in the provided text is","1.0"
"3419199","3419199. The number is explicitly stated in the text as: ""One of the special magic numbers for yrvq-houewij is: 3419199."" Therefore, the","What is the special magic number for yrvq-houewij mentioned in the provided text? The special magic number for yrvq-houewij mentioned in the provided text is","1.0"
